0.0429729665695788
0.0831380992409339
0.0554827266583201
0.0163602448908735
0.0023141783682206
0.00136467985025247
0.00185547064462341
0.0031011668383972
0.00362735759154945
0.0039846591040855
0.00371610625519237
0.00187469133426821
8.85292630061094E-05
0.00154659534291171
0.00295594400102903
0.00320568376700974
0.00267212409366913
0.000402621044276384
0.00342026795019039
0.003705975399264
0.00401449520318859
0.00478456383727341
0.00345138139020509
0.00357879006845266
0.00590017078925069
0.0068837228361099
0.00626909887736424
0.00469750304175649
0.00277618993344545
0.00144700779149378
0.000876201612563962
0.00220290809636627
0.00404855605009844
0.00600696872343029
0.00648633336009528
0.00628062249216284
0.00575817486922246
0.00446924885187451
0.00392637564897023
0.00288764401765838
0.00183605725253769
0.0015524993756769
0.00294126490866851
0.00330887088040926
0.00240544062636655
0.00113628571369219
0.00095606862767378
0.00192931943197884
0.00238817340886949
0.00202707617061832
0.00155467202782727
0.00179161244102933
0.00238284739615202
0.00257560057086793
0.00250159579686593
0.00332840197750212
0.00547166297933239
0.00742145393206867
0.0076777008877869
0.00711360165669388
0.00530089735977849
0.00256284857721828
0.00243432984226107
0.00344218993472905
0.00376234107018634
0.00340381148131113
0.00312104791861114
0.00325634424443118
0.00409514929799521
0.00475237836590302
0.00456677605578336
0.00316186296887327
0.00166685206342438
0.00136947454356405
0.00209795201600831
0.00283632943092529
0.00329684454475416
0.00303783496875047
0.00218398989954828
0.00123970169873779
0.0012219150090775
0.00133539879277721
0.00102679621190089
0.000397761652853468
0.00107710284208215
0.0023797472818368
0.0031629109667293
0.00347567374988523
0.00344533882826171
0.00285961020216553
0.00210051748450847
0.00193377468553052
0.0020632398065944
0.00229429858459577
0.00199140659251591
0.00110991689561877
0.00104458492972259
0.00111561442692341
0.000533509832307174
0.000567966598883792
0.000955813273393523
0.00107105852723618
0.00153392907890399
0.0024362490711462
0.00333565617197597
0.00415072508004743
0.00479339263553236
0.00454625070876563
0.00410178923644864
0.00421215842025654
0.00396726357905118
0.00320638089856922
0.00216946419278338
0.00111363041272982
0.000303138812150762
0.000329403598103184
0.000913525408045797
0.00109275859936252
0.00182669122789202
0.00235471109862233
0.00225508887896012
0.00165284518967566
0.000878979626631107
0.00105602238165057
0.00243863574039699
0.00354129440375214
0.00442367048782084
0.00490641996384115
0.00438866678593752
0.0033499194676173
0.00201920480131007
0.000957634070268098
0.000797587040553806
0.00105460344459677
0.00168276154156862
0.0020429043963252
0.00209042189794189
0.00155354810530945
0.000999433570394715
0.000922999761336841
0.000962277603389789
0.00105768779649508
0.00149968127169394
0.00193838129864494
0.00195504252400377
0.00251860633703802
0.00251551534759308
0.00216461188969166
0.00172222649605932
0.00106442503508461
0.00261478425744704
0.00332022924076268
0.00336214140721464
0.00268674841681874
0.00105028220326423
0.000295532708544433
0.000466978357224195
0.000155223314151929
0.00123108032307756
0.00260757422541308
0.00282838940847356
0.00330566456855214
0.0031357453311129
0.0018964289012762
0.0019869144858682
0.00118803715663644
0.000730620656360565
0.00100361442977222
0.0010076934956563
0.00111144833070775
0.00113933017978606
0.00114585620439331
0.00218318160792807
0.0029931957220893
0.00345230530242582
0.00328617586063293
0.00256925150459548
0.00169246689772713
0.00107004383927594
0.00118422377194905
0.00148758923116598
0.00184316714253939
0.00217671460891668
0.00208859002646697
0.00160542840906605
0.00103565671602806
0.000730731575137388
0.00102528013177408
0.00171323416716527
0.00173764756716538
0.00145707660252591
0.00152975644643758
0.00131902374229487
0.00137037252066094
0.00131805200979631
0.000558848577209
0.000300348113849381
0.00103967135835788
0.00186668639204643
0.0019302116754493
0.00147292753702709
0.00194576113421336
0.0025809953415546
0.00306349650229769
0.00281333427525571
0.00148032882958674
0.00124010716551114
0.0013379945428427
0.00203828734700833
0.00216200300743502
0.00122750621451868
0.000871863392172422
0.00101963459894483
0.00152347498870284
0.00244880890875588
0.00284514619756273
0.00272824972341789
0.00256635055240723
0.00213468853805519
0.00193826674043847
0.00187986707437747
0.00179727741628929
0.00138624035850346
0.00110402766741618
0.00247930229157687
0.00267872585987216
0.00318988466262168
0.00401867014822096
0.00484065622995289
0.004921216110489
0.00320899147087876
0.0014894551111915
0.000894339903790913
0.00100781161566091
0.000949480849284785
0.000729565046718715
0.00133432723833925
0.00221824558732285
0.00293517600644129
0.00324145946850782
0.00327449915653006
0.00315587572036339
0.00287442380478716
0.00284150237763632
0.00266921225540237
0.00202150328121888
0.00110413476183357
0.000423155581550497
0.000524737695957404
0.000552994658941373
0.000542622420858595
0.000886978003090756
0.00124925515558257
0.00154246782296515
0.00258395217361062
0.00324285193284418
0.00312044489124566
0.002987454778665
0.00329739869509768
0.00260138164408765
0.00139395565235491
0.00140159344532672
0.00164876826019623
0.00149498989659344
0.00130821572505332
0.00238650114880092
0.0025548976195093
0.0022181340083693
0.001220792233854
0.000292112766288391
0.000745024457364022
0.000746420729384996
0.000745993405148945
0.000525193042701321
0.000519927604658972
0.00038255875411353
0.000536943175800274
0.0011190612658332
0.00112915288052386
0.00133351020927544
0.00115318470872688
0.00118636489374319
0.00136228108126772
0.00188896569303741
0.00212546685101803
0.0014877406423422
0.000612810903022323
0.000997429541530646
0.0016754344750135
0.00218158241441179
0.0022545782914573
0.0017439493096261
0.00136749567062078
0.00116126624694392
0.000823912011048475
0.0012919315262484
0.00248008081518205
0.00309217561300978
0.00392843350680479
0.00486214231782365
0.00401955786642157
0.00260578122140342
0.00200868602282567
0.0010697602570974
0.000945994020613167
0.00196110365651684
0.00334699576379155
0.00477951634081589
0.00538188476568915
0.0055568199795212
0.00519090645763699
0.00458159848443853
0.00401455947207771
0.00332855172833145
0.00235025417688279
0.00150699186292131
0.00238868155279008
0.00229704818369803
0.00186079038958974
0.00158209765757659
0.00215875916538783
0.00301840916467753
0.00349183287248558
0.0040157271943463
0.00357549055260604
0.00241392992985621
0.00140660606553053
0.00150794177977736
0.00332939424379017
0.0051469865809813
0.00567185755545276
0.00524703507145142
0.003269251433581
0.00265712124889543
0.00328290776315087
0.00331287706764358
0.00211858096230502
0.000735319582404813
0.000779432760138721
0.00140985050965283
0.00193684388980828
0.00214062152633571
0.00196209075986822
0.00182648986275123
0.00173807521472246
0.00161203209494629
0.00167010506109944
0.00172348284749682
0.00189546331848486
0.00164856121681621
0.00096289789972031
0.000145399655476256
0.000569139778698402
0.000442071459710179
0.0011942191223349
0.00171484250624812
0.00209518379087602
0.0026497296296909
0.00272619499311574
0.00238313480755389
0.0025055364975878
0.00277468102842823
0.00273687988347303
0.00266912780409116
0.00196804316656524
0.00115841087860601
0.00101484403279482
0.00105182752497048
0.00094272291902478
0.00124481593298586
0.00174554846142403
0.00170357275484401
0.00149186035878578
0.00145425011277057
0.00140056519676235
0.00116824517188184
0.000794386667569059
0.000316008535313753
0.000600370477726373
0.000921008132782425
0.000765818550855133
0.000266888310972432
0.000909845205560083
0.00115662878718044
0.00128380302433118
0.00147843856894631
0.00135245691741125
0.00104899102252668
0.000938561997366144
0.00119585195685691
0.00112251830838052
0.00103448635837911
0.00116286361806068
0.00168510639338206
0.00215462291606411
0.00180072346316062
0.00131315761614156
0.000835077814175382
0.000215388916479911
0.000102862533455388
0.000416285676221987
0.00152144852763784
0.00263909749549645
0.00303308279327555
0.00276216500543829
0.00167324061488115
0.00119544863534168
0.00169596527563418
0.00144104753877471
0.00111462692076634
0.00083149522224455
0.00161414965230533
0.00267645173507263
0.00321126886948161
0.00327641551619626
0.00289616929289493
0.00271517111985065
0.0023303730676259
0.00129503436666476
0.000282773483080741
0.000525392129840837
0.0010322107916621
0.00129256294490721
0.000929000344005707
0.00136957529116242
0.00209740223037347
0.00204999661944605
0.00171505960186895
0.00140338069274621
0.00130113132961481
0.00196253960954923
0.00250649548851668
0.00255551842462288
0.00322807557643322
0.00393276125961661
0.00384394965865116
0.00378070390839065
0.00249400680706712
0.000671157063565935
0.000515917535363226
0.000960493182621853
0.000823354920370108
0.000901387080665944
0.0011658763286571
0.0016460719888601
0.00218089388627005
0.00209811131841199
0.00162384817262427
0.00111377420246269
0.000202125132362983
0.00104285241722433
0.00125977657974867
0.000583842735565223
0.000160588992866638
0.000835284527571054
0.00166590423875144
0.00219782515474899
0.00220964996409477
0.00176622427541049
0.00101348480268421
0.000813678863702219
0.00157170133412082
0.00186037444824413
0.00178143458754334
0.000951828042637824
0.000444943330821309
0.00103145185009054
0.00196609275314865
0.00221360666105323
0.00163098162051798
0.000996182760237038
0.000786572568340507
0.00106618537494241
0.00131469187052929
0.00130682279101305
0.000982365862952177
0.000480282572874629
0.000219356356967437
0.000699349361051433
0.000657951473207652
0.000451799885942815
0.00057435414903043
0.000460808350079431
0.000374495184243525
0.000529715711272344
0.000599027770498585
0.00044945541776202
0.000391456700403737
0.000494951864794013
0.000446789553008899
0.000414234870768758
0.000293561075248225
0.000617326160825052
0.0011154266894962
0.00156787266673153
0.0017076022831413
0.00157086261234013
0.00159004289431112
0.00150621494141049
0.000871114732909986
0.000507529369401062
0.000933693359160712
0.00120773600620608
0.000974389125231055
0.000550693376631426
0.000662241742122304
0.0011970531727183
0.00151896424944139
0.00157564541498297
0.0014749025692164
0.000918192424537505
0.000683677299777306
0.000852880082015844
0.000720582893545976
0.000344113269432458
0.00010189369548193
0.000452752873002495
0.000702455854248227
0.000801800717645947
0.000902858711870383
0.00102921129576852
0.00100035001418333
0.000690481400882061
0.000421467552736213
0.000811403949255346
0.00111790925293902
0.00153199650486011
0.00176932425023773
0.00170991769758338
0.00173330235810231
0.00145565863303331
0.000991529575853832
0.000865574937089253
0.000905685991058886
0.000953448103445821
0.0010225541238097
0.000679775535963577
0.000642847037304377
0.000985612900898604
0.00132550976244803
0.00142516695672971
0.00120635411991404
0.000936237750483618
0.000442028892081314
0.000100849077311074
0.000381646485678892
0.0006212755163432
0.000747834160625316
0.000718116255444665
0.000912577468339856
0.00131970426076404
0.00141405911535379
0.00127134757420485
0.00106839499354558
0.000666422926375391
0.000324438686328694
0.000290041681405636
0.000539500639793079
0.000602509898776658
0.000825048507125238
0.000906009461356432
0.000529761966546217
0.000511848098863804
0.000756632339641902
0.000942180100674931
0.000871246566398527
0.000955389911170569
0.00111569154567449
0.000960075699999539
0.000540241295999587
0.000373308219050833
0.000479775888887109
0.000531099403974417
0.000589930896778088
0.000605832533715114
0.000478608387475795
0.000343766587261517
0.000486368867899263
0.000669175555323145
0.000746494734260729
0.000726656321221401
0.000543096301207794
0.000282753514879945
0.000307279816169515
0.000387341685412048
0.000494289296812892
0.000618213334873433
0.000666725916308495
0.000753415523833215
0.000817553374727863
0.000573109426754927
0.000516263362569926
0.000904969327360389
0.00105796972557469
0.000674285266057185
0.000246880197847239
0.000242183095644347
0.000552663915402343
0.000674133221317932
0.000505126878838232
0.00030170935303528
0.000389023130695619
0.000537296338212841
0.000814141224196244
0.00105546382442177
0.00101359327272365
0.000781208162294214
0.000498945786844423
0.000672651229647279
0.00117363067574977
0.00142585604228624
0.00127005130439833
0.000792599243406442
0.000325451131939359
0.000152918858349715
0.00028578609355571
0.000297871421853331
0.000519539296923733
0.000991066942133252
0.0011582135451524
0.0010157765739537
0.00074220890506458
0.000443408361683122
0.000196782499294242
0.000500177580743656
0.00073795768110468
0.000998025435649708
0.00102387800439264
0.000851852165447769
0.000677645973587912
0.000376438121588156
0.000113211494396573
0.00031098166059168
0.000654632051417509
0.0006916712841678
0.00062423406854902
0.000453845292085049
0.000747996768416815
0.0010780285953865
0.0012162996324341
0.000946986862581685
0.000658190730002864
0.000632026904171791
0.000420405546042633
0.000257198390894952
0.000384233202095723
0.000347829563985746
0.000189418618228829
0.00018381039954308
0.000291608222998486
0.000452440634514583
0.000463740008955624
0.000465379826666225
0.000387031119976576
0.000554702335098486
0.000758326414481262
0.000706350383654606
0.000591033403359858
0.000428589556883514
0.000214934270213932
0.000150806167897086
0.000117425914333556
8.39807551654008E-05
3.13763411688979E-05
0.00022165117141174
0.000493625890251585
0.00054816266035103
0.000522546293239162
0.000586916178590071
0.000532751845688931
0.000296249859898174
0.000386519747732305
0.00064613952323853
0.000892278852068095
0.00103603607473264
0.000893535702424996
0.000533069279518351
9.67157848530957E-05
0.000328164649025309
0.00059059611245632
0.000715124316616305
0.00058776262261385
0.000301721263262556
0.000363682442020305
0.000648009695909233
0.00078629711487073
0.000740488762091936
0.000626247512809209
0.00071187090605802
0.000781353948079443
0.000751106945987713
0.000732758175198675
0.000511144470647127
0.000415771988986943
0.00056026940973331
0.000615924904110572
0.0006237303890699
0.000569017025464098
0.000401942312050004
0.000487227267655467
0.000611802144871169
0.0008736089234435
0.00111492880934925
0.00133527322711335
0.00128815288928072
0.00107451537678687
0.000804429163348082
0.000575360771575653
0.000755561417895854
0.000628257029529814
0.000209756232044032
0.000312260053750863
0.000748807844178314
0.00097245899875777
0.00102854919752037
0.000906719060656172
0.000469865666109009
0.000100369299222459
0.000491619950148635
0.000770834845774896
0.000903319118337552
0.000936969246622803
0.000827706925662802
0.000696280200139612
0.000621048984425576
0.000686279857725874
0.000740690214892101
0.000536432616141055
0.000574074697940512
0.000886336965479181
0.00107948405252008
0.000959442095640053
0.000640982125268898
0.000427584655252365
0.000508027615011218
0.000736738393830107
0.000868407680179512
0.000850082901249734
0.000702239338146795
0.000566469037014774
0.000429439881452393
0.000582550724158579
0.000988059001704496
0.00122821247260125
0.00116716876917507
0.000596387581800804
0.000182494783983309
0.000441694010258797
0.000412988572810658
0.000389975639406528
0.000363437987311517
0.000396303994533803
0.000298276201355401
0.000243258040366146
0.000322769702795004
0.000176829362573589
0.000208429400109894
0.000457190725048446
0.000849561854441454
0.00111006758914581
0.0011985350493147
0.00120331310281737
0.00105150088562568
0.000647863492111623
0.000302958706243936
0.00060461705105842
0.000731682149828668
0.000571199000101812
0.000705769033373611
0.000931870120104926
0.00116520146850787
0.00112808029613994
0.000824450635834912
0.00067521738631168
0.00069063030989254
0.000504953655618229
0.000489183613040625
0.000602771418256934
0.000598338682478253
0.000593560482288649
0.000668078399286928
0.000494299761977152
0.000487613268913109
0.000397418686744864
0.000348450605512109
0.000548927316161864
0.000441153899848658
9.83748552973393E-05
0.000128817305618728
0.00024980658654219
0.000525929887951489
0.00067307156858667
0.000546573652272436
0.000423510629568937
0.000321662537022873
0.000555350374744414
0.00100619818447983
0.00117381316119756
0.00131235023681747
0.00121982917137367
0.000743252794840934
0.000352830285641686
0.000212966004081752
0.00062959813235192
0.00067362900703665
0.000802233164420411
0.00110380828490996
0.00114508299813883
0.00112520195701543
0.00104684340743591
0.000856913274485259
0.000726740571385252
0.000526416285639963
0.000174042320784339
0.000276382688793258
0.000515827005364891
0.000551333774836159
0.000444113321472964
0.00035962536866181
0.00028558188935436
0.000255945776716266
0.000314588828140159
0.000303670526040311
0.000365663937333193
0.000239266910989283
0.000112559002046018
0.000257596484589087
0.000220993899575909
0.00011494494522025
0.000205188361601491
0.000463800286688484
0.000715319715324011
0.000506445541779181
0.000350367209186502
0.000431181455106243
0.000626814046528769
0.000716544938145086
0.000680832943801147
0.000729831894980792
0.000733219914936933
0.000553908669641984
0.000498009239484073
0.000589551111409067
0.000475367552425514
0.00019174742475854
0.000314272570008537
0.000680811364312126
0.00083900463659132
0.00079638622727456
0.000564684219993359
0.000286523863917341
0.000165195273494003
0.000175207902984754
0.000159540435378856
0.000190239947512713
9.91277906234604E-05
4.65761125787354E-05
0.00027877948818943
0.000572307404647101
0.000603062970279657
0.00042542848889341
0.000121774916547658
0.000188388051235633
0.000331788270942343
0.000210420427911916
0.000438265529709526
0.00069872915033124
0.000588135340101184
0.00024036731407838
0.000369095153453546
0.000729769567259857
0.00104906459433194
0.00124044087753961
0.00113230707347595
0.00110114538815242
0.000957291666945117
0.000713450914996701
0.000702588067382981
0.000672657638398497
0.000562879363466655
0.000535962479888413
0.000624918446278286
0.00081840342263386
0.000898906764484515
0.000733266010638567
0.000526532128196961
0.000353044358657947
0.000596221060113484
0.000712273579602035
0.000691745578158889
0.000636303119333753
0.000571530008920637
0.000522859561252419
0.000604273149247045
0.000696204304301908
0.000573919247461772
0.000340802677956881
0.000130987204473933
0.000477741101804984
0.000627142139305569
0.000633115191594024
0.000513071343083522
0.000211158889553803
0.000222715527742436
0.000508700103053617
0.000698066213539468
0.000652660329512455
0.000492426245799799
0.000570006442718407
0.000602046014004573
0.000623267595836954
0.000590397921784006
0.000477823919978069
0.000575228072636932
0.000733350519962535
0.000780579636052779
0.000688201702131982
0.000400086932042201
0.000178054040956078
0.000321959225226569
0.000471719477072456
0.000377360742032145
0.000143882067773392
0.000199703866028511
0.000386527640734327
0.000384937846282861
0.0004246851061878
0.000428347608488395
0.00032393872924692
0.000349754491241591
0.000290397337709976
0.000530153250145219
0.0010462265290954
0.00136635310071686
0.00149313439466257
0.00128380045539846
0.000882904789945328
0.000627047839836251
0.000348260407115439
1.04629980949101E-05
0.000386624227635532
0.000882455239284973
0.00104974971984262
0.00100994601079275
0.000962120600571462
0.000626597574485264
0.000344759972258189
0.000348311983088539
0.000489599129948023
0.000567800037930015
0.000355338318018057
0.000104421756453171
0.000418286529580371
0.00060630114324107
0.000671267850243661
0.00070295256499157
0.00082571247351152
0.00100236905013971
0.00112034253558471
0.00117111483474874
0.0011481283845773
0.00100519098304279
0.000712907243929112
0.00036252967191556
0.000248225419412587
0.000416276650169831
0.000597169811089746
0.000866881010883643
0.00105335623175265
0.000963891540864706
0.000908306915469472
0.000987479532737423
0.000806442974616504
0.000357779213075791
0.000561147816108807
0.000746181721511993
0.000791460703402529
0.000536747874955256
0.0006489617503517
0.000754202133523828
0.000795867281229825
0.000781709023403668
0.000736523602364764
0.000689928434120226
0.000606536196982327
0.000410284990972257
0.000239632890860362
0.00023793137725279
0.000245812974532871
0.000236329094479268
0.000123054955694756
6.90644293901853E-05
0.000238751513911044
0.000356721631568841
0.000401509440368611
0.000394036292782529
0.000333252091110683
0.000284325517402192
0.000346667246329476
0.000462232040062071
0.000445103482902011
0.000386824427210671
0.000414209909376085
0.000415710888409643
0.000452933688443459
0.000451337567824926
0.000401342404890591
0.000400043190331751
0.000337661335494269
0.000126456446742029
3.48284107883839E-05
0.000135628319903597
0.000348928231189503
0.000601404830297511
0.000705313967836232
0.000627390932227523
0.000309260973861078
0.000249706730435398
0.000326238493280665
0.000440844866679694
0.000597274696803647
0.000780828749842277
0.000900806997251037
0.000687214774778984
0.000353483289812947
0.000256153828408311
0.000330216178647534
0.000512504938753784
0.000847178164229058
0.000993265024150511
0.00097720333410342
0.00106296311573191
0.00101852029476129
0.000792680022833441
0.000801965432031346
0.000840825489798296
0.00060515451019849
0.000310310007733127
5.67747433436591E-05
0.000312607134286268
0.000524041494436711
0.000566090898457
0.000338652717702134
9.10589096919359E-05
0.000149439164739533
0.000113856418173764
0.000221497387716809
0.000305405349795338
0.000320256589246603
0.000219282578768832
0.000271077032247638
0.000649171083485366
0.000842438117982426
0.000740821365643746
0.000583694859683011
0.000400118044578706
0.000389356506218948
0.000278783029581912
8.62802617691912E-05
0.000306954968528875
0.000304191672148612
0.000285552293635502
0.000250800337367515
0.000203774458363035
0.000242282411522827
0.000188175377542224
0.000120858195901101
0.000175021173186918
0.000338167253223326
0.000253115698235121
0.000285743564819918
0.000483709161720572
0.000787395655533648
0.000939006673295292
0.000834194943509263
0.000576510189717763
0.000501775382317626
0.000629147713081401
0.000634186275809938
0.000576636108619126
0.00070267363190245
0.000839681602293161
0.000896900175812353
0.00087278076929598
0.000725246263047759
0.000507733808473272
0.00037050107535898
0.000353846432175751
0.00045567815331773
0.000531261002164869
0.00051191159337889
0.000603687596523354
0.000710717686269228
0.000796752415884247
0.000755992955539751
0.000478747471579905
0.000302455905750491
0.000396926194845633
0.000620417726635806
0.000872770540157698
0.000840505904294375
0.000571998366774795
0.000263746792872516
0.000169980468226779
0.000303924516320307
0.000314075777144321
0.000441167693221694
0.000487572858652372
0.000475021633063357
0.000456045022153245
0.000467731171661586
0.000446284588838099
0.000297695154117196
0.000109255371775088
5.38757787935356E-05
0.000137639095830388
0.00017070993051156
0.000193844030126367
0.000400245254986308
0.000593003886570203
0.000574594499127704
0.000509866720739781
0.000360004262143158
0.00012053208227158
0.000127582161177084
0.000209551054619133
0.000314704720462512
0.000304594726572706
0.000332274214757159
0.000513888405380249
0.000576198955639943
0.000544753729605641
0.000522817453340549
0.000488813076782327
0.000460214140384323
0.000388091906193923
0.000322130375717045
0.000218844939169262
0.000137594716036624
0.000208576395541646
0.000309561315086865
0.000356440264022622
0.00043509742540755
0.000511626150352675
0.000502364028118145
0.000509074972323627
0.000548060419077551
0.000494251387690203
0.000440601931296394
0.000293377007832706
6.34114130863382E-05
0.000418446276011452
0.0005375434406101
0.000416169935480206
0.000213738600185137
7.73153125813376E-05
0.000266854908842236
0.000347664091763683
0.00029831878715666
0.000283930140236688
0.00030924477245876
0.000220271457160561
5.79611892020085E-05
0.000351791210041853
0.000611564766383494
0.000615766594528765
0.000492958310670132
0.00029681636836175
9.53385405016957E-05
4.03779991879597E-05
0.000236790670079619
0.000406833164286636
0.000442020858582691
0.000410142775887748
0.000366343644956422
0.000418920825007767
0.000470300759856324
0.00044820983039678
0.000294422404586419
0.000256220748153031
0.000264100419799487
0.00026583808276887
0.00030136156249278
0.000499198402155079
0.000713727180981678
0.000795636487171751
0.000628488292572158
0.000459674938730738
0.000340905077351733
0.000252551488599669
0.000210197737307578
0.000203177427536558
0.000198716947246064
0.000318694357425109
0.000421232830406347
0.000495720222921898
0.000571758140452973
0.000666662847338873
0.000643828309172448
0.000508306226603123
0.000334009115011436
0.000106083198502661
0.000104943728125536
0.00023178486500254
0.000245059458174108
0.000108204319329197
8.55754510500082E-05
0.000254876974795372
0.000462273382180332
0.000662204455526956
0.000636248777392127
0.000457900946547927
0.000253423776865466
0.000126654974142184
8.23776838623832E-05
7.09843800873736E-05
0.000188657591723556
0.000284066796362714
0.000454233381748579
0.000610278120237563
0.000702615384881437
0.000612025334000336
0.000336930696368516
0.000468845110993748
0.000447534369897257
0.00038434815744781
0.000458178415266036
0.00054037765859522
0.000650502465322051
0.000489313993022259
0.00015516194825537
0.000204482824282811
0.000309899339492585
0.000380599532257456
0.000455838475255168
0.000559237096716805
0.000604776918712455
0.00057048880754989
0.000379279822219252
0.000110436653066053
0.00013828101651585
0.000331738482789509
0.000499412342416002
0.000482740701129439
0.000390469022847211
0.000364851549883617
0.000273667968796749
0.00014457821251106
0.000203461569037659
0.000237931800101659
0.000260330482383401
0.000108080419676825
0.000227590093997904
0.000580829309624202
0.000856398796111141
0.000887075846647114
0.000677670683514141
0.000348347817128652
7.33261735170119E-05
0.000220268401267217
0.000264835396895923
0.000160781601204183
0.00018486748327926
0.00022333715530805
9.31679703100454E-05
0.000117695290058283
0.000261257370603407
0.000464156659571357
0.000608550867269585
0.00053013008802861
0.000483536295124298
0.000691178818446157
0.000929226705322827
0.00102009128828393
0.000910908699997423
0.000674991971497633
0.000437508144985878
0.000183026952672184
0.000180056811846743
0.0003387422157444
0.000314899730054008
0.000311628806148843
0.000363844217940529
0.0004343557860319
0.000512998224613933
0.000430123791598196
0.000320438327048428
0.000121384548876604
0.000374601200931683
0.000602238386560866
0.000816650445997812
0.000880495417426809
0.000728716129472163
0.000723580749645676
0.000794118696061849
0.000797591242557868
0.000753034460966083
0.000604642227718926
0.000485560763409329
0.000427803778652288
0.000229780375545054
1.30344126129129E-05
0.000133258975041933
0.000426078379517277
0.000750879160812258
0.00111581777873937
0.00126994998920902
0.00105930677591958
0.000687555452340268
0.00040886739669166
0.000311210560849486
0.000319579243704996
0.00047034733829738
0.000660971255588902
0.000841158632707988
0.000815047406568924
0.000614504376614737
0.000401644918892292
0.000264087856858951
0.000205754696282219
0.000156147229184341
0.000191486079303727
0.000484973284649576
0.000696871621159741
0.000781531256197775
0.000690560862849611
0.000511592573288528
0.000352024326439583
0.000229599382105803
0.000242110327964047
0.000271192080880909
0.000294471084642615
0.00026338886428362
0.000335377672012011
0.000520756675734399
0.000591527020745344
0.000449385873507438
7.24729756968499E-05
0.000188340144201675
0.000233643545853394
0.000194303467359805
0.000203613297784774
0.000216504083474054
0.000189507807454447
0.000134346288505096
0.000343085262714716
0.000427073409261951
0.000373824633839771
0.000257673846465249
0.000371771144162557
0.000475276722563265
0.000425225260446433
0.000320313284927245
0.000306763552419142
0.000427842506083238
0.00029106534740747
0.000101555258729118
0.00019194489305514
0.000518814761304856
0.000740451498452144
0.000893219868962955
0.000907987882096994
0.000668553717211644
0.000442883900069296
0.000376941395846399
0.000378958512635955
0.000500674355085424
0.000694547260923161
0.000782805988806337
0.000650359304563559
0.000483907104318362
0.000372173239003645
0.00034489969829381
0.000243548340874084
0.000201801355058884
0.000193658351283275
0.000119381867633329
0.000128277433883018
0.00018208388814326
0.000407021441350959
0.000643788359562512
0.000640521642514257
0.000556812766119377
0.000455624726741722
0.00020650405774174
0.000221753194703076
0.000244162042268821
0.000198961308020743
0.000182686985506418
0.000286389021381411
0.000218052139445446
0.000209251139796928
0.000461147355150297
0.000608409043537759
0.000699973076361725
0.000845321465444803
0.00078123986604807
0.000469713928107385
0.000205481443319267
0.000150988515522257
0.000209047184934578
0.000147207383902798
6.71146480459229E-05
0.000205156219405773
0.000345864547230289
0.000428922119150565
0.000365882384553715
0.00025321587568708
0.000447799806502327
0.000559012768208664
0.000524014663493528
0.000463628883564621
0.000251433935489117
0.000157974346668962
0.000509498953588504
0.000983810606242867
0.00114402344370126
0.00103379468054607
0.000882471491868231
0.000519024727547094
0.000193346814135201
0.000349481455566176
0.000383733795717998
0.000296039530206132
0.000105436980378136
0.000124350003994857
0.000228759608927041
0.000332518893376198
0.000540935031446448
0.00065533318853714
0.00066261625204192
0.000813661459137564
0.000911333598128886
0.000858901790935224
0.000816898120042162
0.000713844663262458
0.000513163349332988
0.000285104426124718
0.000272055060758003
0.000452551321172984
0.000528303848414881
0.000297631377058987
0.000241499264621637
0.000489788491952503
0.000611128568311261
0.000617466317856221
0.000512054729020402
0.000404700385899539
0.000516579610051358
0.000814342348706043
0.00101268410664476
0.0010339103386101
0.000841929498798412
0.000289641925929891
0.000434723401600663
0.000864196353551581
0.000913015088879007
0.000725248788861883
0.000405004656496142
0.000126752285858108
0.000338447295720271
0.000477373914743108
0.000510025301609397
0.000575611270693327
0.000581144100839207
0.000485650140988032
0.000300950993737363
0.000180706222581597
0.000319368176093468
0.000285896186725529
0.000309804320179077
0.000332916899740077
0.000305373868146618
0.000427199478717091
0.000614309804169021
0.00075753467579058
0.000775079057167707
0.000695371056593691
0.000565007797590341
0.000464713966549594
0.000558099690848002
0.000578570651137617
0.000478674900186364
0.000469640770258542
0.000546757028427337
0.000559547051968499
0.000520186614234154
0.00039865553688542
0.000228400714245922
0.000106879605387025
0.000337178659181291
0.000713877649234422
0.000783413059669422
0.000546017345397108
0.000345169190624746
0.000549825046376452
0.000664802114230045
0.000579200876079822
0.000555965036949423
0.00074035511613058
0.000926851138505859
0.0010018927560539
0.000923101230469101
0.000866235383245593
0.00089599277925658
0.000852776295654543
0.000819087650495028
0.000841019816583047
0.000731022577756917
0.000604942117236943
0.000561880110235452
0.000535379373627576
0.000577117462351157
0.000568133194229822
0.000467484934154134
0.000390844941463975
0.000411613801570239
0.000365851299061243
0.000316547616699785
0.000357788143159749
0.000373102696729243
0.000320963236512074
0.000301346579919101
0.000266535452860884
7.39654691587467E-05
0.000217146816502825
0.000358844924647203
0.000348568677397078
0.000333965210216016
0.000320323320389732
0.000481842420080237
0.000573355802056609
0.000706624101523232
0.000852385390159978
0.000789977349795418
0.000528257933754395
0.000233294900195276
8.35410019141828E-05
0.000268345971174441
0.000274868798645282
0.000238481764809969
0.000175043971593376
0.000182447830499885
0.000201996777350237
0.00017185331998228
0.000124009978495523
0.000248302368083645
0.000419727959543542
0.000438499605429878
0.000544783147137806
0.000732202731269912
0.000762640335729743
0.000685027973036829
0.000637212267466804
0.000526477144666578
0.000462852856889302
0.000502172477470976
0.000508928302231745
0.000566964974837031
0.000597511593092933
0.000592648275885364
0.000658068957102081
0.000557370459808502
0.000404663043656388
0.000381291781888299
0.000410708316992428
0.000480692659755672
0.000533285427523297
0.00043998565490129
0.000237772919680071
0.000155434401599484
0.000376304704011456
0.000496066085211109
0.000417342502173575
0.000339604056640504
0.00034810338588414
0.000270811966719675
0.00019926468423044
0.000176977791312157
0.000178482068871892
0.00021255929224051
4.80575814188144E-05
0.000279821179356836
0.000442409549095046
0.000479039523063433
0.000281758075916353
0.000161695474415382
0.000260845812768601
0.000238181758094997
0.000208070298631198
0.000194081260264707
0.000118940439348584
6.69359982391198E-05
8.50634077017465E-05
0.000134870652096513
0.000387493484161798
0.000506129187744295
0.000627707330552044
0.000821899876810034
0.000769378559268694
0.000527384723205126
0.000303116963639534
0.000142003873227686
4.93682275689795E-05
0.000156321189684961
0.000197502204680176
0.000317698077053112
0.00039778593137111
0.000382552624957327
0.000334257368236534
0.000236120289576306
0.000182907955795457
0.000178080469789275
0.000153730988985084
0.000211904163958125
0.000266687661436698
0.000264643877549891
0.000311049347803459
0.000357267875535604
0.000372342672533763
0.000396682718965368
0.000411816219760381
0.000408987761205974
0.000307422253906869
0.000191130398225876
0.000121278469589948
9.89487744744424E-05
0.000194102647333235
0.000248892026754619
0.000362951097361999
0.00057683117589924
0.000624469143225953
0.000521480799925098
0.000370195495630716
0.000142191451061175
4.06210798075934E-05
5.06557178907265E-05
0.000108670004180222
0.000226355744081151
0.000265362832277493
0.000231599456908712
0.000248442257335159
0.000325379083877738
0.000420511011904713
0.00056400114571875
0.000615970961126014
0.000725764532331252
0.000832065470331359
0.000734339310455363
0.000537093450051234
0.00029552350358486
0.000148029589028337
0.000150103910161895
0.00013854244553373
0.000219117298976898
0.000264741604799745
0.000262502648364965
0.000366193760547912
0.000391730557054419
0.000322315458679355
0.000328743844157112
0.000370795669163366
0.000449212995785828
0.000483566985229607
0.0002747717538683
0.000141084499785924
0.000364683312492625
0.000380116019397307
0.00026171986265565
0.000245075084058819
0.000420369811378621
0.000419430762113151
0.000320162655041492
0.000229500158132576
0.000233755673862802
0.000283714900713277
0.000331717514675564
0.000428190525886893
0.000508620957792783
0.000472310804341139
0.000312287618282532
7.01507050696493E-05
0.000204501282499105
0.000328159790815211
0.000317440091836937
0.000318540168921331
0.000376894801486828
0.000368380365783221
0.000406568451623784
0.000531253218762039
0.000588818819558083
0.000553834339832867
0.000419354097835964
0.000236769863773299
0.000144154675915492
0.000124616144372568
0.000173282859502023
0.000287201949543952
0.000307750824481475
0.000298264769837262
0.000255657613057425
0.00019380894496885
0.000313899479153584
0.000402200484277023
0.000493781346869891
0.000500930282268805
0.000418136389211211
0.000399774955620377
0.000493505012273942
0.000531301801125512
0.000440615432360414
0.000238495243575226
3.32461260027636E-05
0.000110131666984923
0.000141961603258694
1.07700363726489E-05
0.000210100377848392
0.000310312579642805
0.000300932010685635
0.000203575802381347
0.000153738734299132
0.000313573460238572
0.000378372520761257
0.000332523587056153
0.000275556719220421
0.000224801672416452
0.000206013704381768
0.000102793646645293
0.000103956349796183
0.000196624154174744
0.000179749310319758
9.93598633906895E-05
8.15130245724286E-05
0.000146806999395496
0.000193006640002791
0.000184362291464899
0.000172737322902368
0.000268745881485599
0.00041937291040436
0.000494506840501481
0.000508193621397808
0.000392728614827358
0.000240052867782719
0.000295255480626608
0.000434081964768676
0.000467101225212362
0.000416876678057025
0.000258785499356257
0.000101800898594785
0.000169283981384286
0.00023987393998895
0.000174161317590289
3.12280476285184E-05
0.000203995924280214
0.00034889130021782
0.000415630945450495
0.000353085378182242
0.000204332044296386
8.61423136109031E-05
4.6231628998427E-05
5.54053463006056E-05
0.00020077175992764
0.000242221330297476
0.000210624536242434
9.05950962291894E-05
0.000282962454135105
0.000593109305274532
0.000815799400595116
0.000868495506382813
0.000820265016498934
0.000718276672972063
0.000566604181017952
0.000396730441030775
0.000270933508098713
0.000187478700432316
0.000158140491114814
0.000148766675043614
8.67289665307325E-05
0.000123959437563229
0.000167468780679923
0.000143426311900564
9.94278409224006E-05
0.000108802270619403
0.000193035954681368
0.000246772044304533
0.000293319036918528
0.000255579290071534
0.00012249438453041
0.000139081143119691
0.000372801994334659
0.000499785994742983
0.000500830430505562
0.000454369045124168
0.000323331075584575
0.000350514839914354
0.000471439807980228
0.000412963616132635
0.000395121695305943
0.000315821087545833
0.000161684205555702
0.000247700088520574
0.000258865778952992
0.000331490998928408
0.000342445874680483
0.000257419832701463
0.000186831154215129
2.03263354940414E-05
0.000173708164338456
0.000273816032533417
0.000301761059313196
0.000141620477325638
8.2867912152255E-05
0.000235568483314563
0.000289686138161083
0.000234191792667511
0.00026224968103464
0.000363726009368654
0.00039829997834489
0.000335379103564487
0.000310057183411853
0.000338793097788715
0.000328888193070731
0.000328599324420791
0.00026608272580369
0.00018702063125076
0.000180579950687178
0.000282083399953462
0.000435644709506986
0.000461270487624036
0.000371276182391336
0.000274138544357123
0.00039775890529794
0.000537971586309036
0.000581277045947013
0.000441709004723919
0.000290200986676052
0.000212702336111059
7.42567703067721E-05
9.2012121767546E-05
0.000153885453399817
0.000184265768617628
0.000191702370218881
0.000156162821012595
0.00012800181313323
0.00020236000833471
0.000265907083257387
0.000332082375885607
0.000453165818615061
0.000498938615244594
0.000485007732260362
0.00051651188174045
0.000481370818133689
0.00037302868462575
0.00023221448201188
6.67387222345443E-05
0.000134628981964207
0.000257547383460787
0.000276543029886974
0.000219934908988925
9.29551282076184E-05
9.32638983703168E-05
0.000244775228581343
0.000333879093644343
0.000313042243883139
0.000215630154202034
0.000228308599162785
0.000387479074413453
0.000371084896489682
0.000153978702260398
7.22262710166039E-05
0.000114661024587648
0.000175938127557623
0.000170272411316133
0.000210009600704438
0.000401303322134157
0.000549141981735338
0.000527251664171006
0.000427928059180179
0.000304901209316959
0.000109891165526322
0.000154172921787261
7.42244390562618E-05
0.000118000884829017
8.33659480778842E-05
0.000116727352185752
0.000321834646907718
0.000490735700465375
0.000487119421364122
0.000354060435218395
0.000194113579326462
0.000131113243245589
0.00022190227550267
0.000317404181229221
0.000283916716084495
0.000213123386381132
0.000154836678965317
0.000185816973944786
0.000336406169839864
0.000365071817730325
0.000295851202184745
0.000230101629250158
0.000281962756353326
0.000296425934767125
0.000285423593339127
0.000259479573542859
0.000247436015608136
0.000233545404588693
0.000259272659992974
0.000288947491949739
0.00025225008849956
0.000143430564563955
7.11335142164815E-05
0.000104368884068156
0.000133216193941835
0.000141300046145886
0.000139553497723946
0.00016371730400249
0.000114484757345652
8.28389985652452E-05
0.000119608570785605
9.68032115011747E-05
1.74141243107727E-05
9.71359871761555E-05
0.000201355265090604
0.000323533639914271
0.000371064628850122
0.000334538141816079
0.00028125174243842
0.000217685848192604
0.000211798810784469
0.000260743121263463
0.000242323085685648
0.000228686752957327
0.0002327544654107
0.000220606265958366
0.00028452700978312
0.000316570218863208
0.000341801614942919
0.000289900648021216
0.00018867995765521
0.000173863680448261
0.000242611458982836
0.000328097700013771
0.000387767747629185
0.000351057854825094
0.000255943446130775
0.000158880390790504
0.000132481264324694
0.000171783931501851
0.000174753879294718
0.000245516164675438
0.000304856473691753
0.000386295081853263
0.000351081614591395
0.000241029968775669
0.000184973479764029
0.000158533087157329
0.000132635624265097
0.000110273829530492
0.000170174059972626
0.000252317722919331
0.000306474214600828
0.000307544639024325
0.000231219542836648
0.000182637653632313
0.000141080996325376
9.004058394312E-05
0.000143997658427457
0.000183302051767175
0.000199486569047949
0.000181674866807511
0.000145822017589526
0.000127207676818957
8.97553232297221E-05
2.35800507248605E-05
6.28544043391524E-05
9.87478772618975E-05
8.54937134981696E-05
0.000105615890928503
0.000204304920671866
0.000260890440247363
0.000280587009556321
0.000242616107485668
0.000127527641594492
0.000142267876583355
0.000196719039801337
0.000181903871764682
0.000166385038394595
8.92904572256162E-05
4.33416218484841E-05
0.00012743836727506
0.000161828555354107
8.39408308212835E-05
8.7985532568508E-05
0.000177336591874919
0.000151811012946094
8.15734413750587E-05
0.000149643050092531
0.000179598932559643
0.000151184148495961
0.000119051905248498
5.32766318142142E-05
5.20029272988323E-05
8.17014034218086E-05
8.78965738105735E-05
0.000160289756448077
0.000253160832869682
0.000336988288067037
0.000426290888479745
0.000487039294626681
0.000435109049091765
0.000324049095367447
0.000273302125194791
0.000196594897315173
0.00015699922596929
0.000191489002696159
0.000221882263218613
0.000291868890744249
0.000202935363897496
7.94755903498188E-05
0.000122934356833562
0.000189603874850215
0.000182836958903029
8.4376014331778E-05
0.000132835288300198
0.000135624138294205
7.02332548684036E-05
4.95633817410815E-05
0.000139477331897359
0.000148678284250103
9.05148735853801E-05
6.39909523142389E-05
7.76254042873244E-05
7.03120972457671E-05
7.96676315477307E-05
0.000103974311579842
0.000100545745787893
6.36846325141945E-05
7.56090666157526E-05
7.43890719805245E-05
9.53565567200388E-05
7.9741771146657E-05
7.89047236595282E-05
9.24433740932459E-05
9.82959919279849E-05
8.57532808223996E-05
3.49914068325283E-05
7.7885537008278E-05
0.000157645755656459
0.000170257704493393
0.000109168110911711
9.27759024124385E-05
0.000128469441787693
0.000110896628381569
0.000104435399692028
0.000136002848641782
0.000195208057098913
0.000178111950994949
5.90073792403831E-05
0.000106003184219859
0.000217763371553933
0.000288534928867259
0.000281525311054564
0.000192602302056097
0.000154493984600186
0.000129935450520459
0.000122197372886615
0.000138500919340036
0.000264670365084099
0.00037402481011451
0.000377950442374141
0.000309116278232823
0.000219626853362316
0.000171299333628268
0.000160104740823672
9.24188259340529E-05
5.40157331201091E-05
8.34348623954378E-05
0.000121057972370807
0.000214558227403414
0.000263365314149336
0.000216304997614882
0.000221732133832286
0.000215826676618271
0.000159952134010071
0.000140697870222441
0.000107433315089741
2.03065702227451E-05
2.4602358728437E-05
5.56271328871485E-05
0.000100251507289733
0.000126727757871689
0.00015111817045482
0.000109321500010528
9.5106699705022E-05
0.000161140807053253
0.00012897848191205
0.000117202056647382
0.000129573006471763
0.00013384472433518
0.000174485679897294
0.0001717760033074
0.000129444135512732
0.000104066458393198
9.49864442717048E-05
0.000174051117652473
0.000267389401002072
0.00027519255859871
0.000230120730274533
0.000122189824282635
1.11255402014486E-05
6.28309723697798E-05
8.46224493735282E-05
0.000119644839910522
0.00017620059218761
0.000212861138409854
0.000178408839172299
9.15946413615071E-05
0.000123099985607147
0.000179761753737143
0.000205124009314188
0.000243720947630501
0.000243718946731425
0.00013938315400147
7.00180919444098E-05
2.12719175131201E-05
9.6996888499641E-05
0.000159417727405499
0.000197179918335476
0.00021673606731648
0.000145340000475153
2.67728769430472E-05
3.4681020597856E-05
5.97691074058252E-05
0.000117506976628443
0.00020527114239368
0.000240270322741684
0.000194470600705739
0.000110100344168467
8.07697085055927E-05
0.000114650094286956
0.000173368217811505
0.000205576380019568
0.000217804136472196
0.000161971486297523
7.19977187508482E-05
5.57440315442404E-05
0.000124811424350368
0.000190119615014991
0.000103563154750355
1.35339648495245E-05
8.86604666721248E-06
5.58792433435176E-05
5.44198401735897E-05
6.43055977961389E-05
0.00014142272177742
0.000200962893764442
0.000214462737251681
0.00020149045193921
0.000189816496920574
0.000153055459674193
6.77481292442921E-05
1.82908879777463E-05
0.000101255521822796
0.00022479091579151
0.00027812876978847
0.000309474513941944
0.000224182180223269
0.000107771635228665
6.67398187130614E-05
0.000107398498849796
0.000151900118715518
9.93565378265674E-05
0.000108989615563196
0.000117041944448598
9.31243281952723E-05
0.000170624025515298
0.000270926472221346
0.000309961136130756
0.000300565372069779
0.000301436566927484
0.000311097389897366
0.000318808599639477
0.000335114727622681
0.000327314730450821
0.000379552956075563
0.000401304051611555
0.000300437718324725
0.000233519482359168
0.000331947985704822
0.000452207122386414
0.000536518683078945
0.000570244143632744
0.00058838710056982
0.000548780728568565
0.000462489196319401
0.000387134073177437
0.000282375980479007
0.000165089480318068
8.0604079250755E-05
0.000103754159919269
0.000129710681046383
0.000134652678609479
0.000178753568273418
0.000264516674669138
0.000425722815926053
0.000476308789404092
0.000382566829581554
0.000302833476192124
0.000376133078758955
0.000479640848925596
0.000494853857135033
0.00028719827320675
6.86763135397468E-05
0.000198605861411662
0.000324762171763138
0.000336141232409518
0.000298257744673563
0.000192095879809069
0.000246402819789115
0.000344680747019255
0.000389900855927193
0.000376537110575025
0.000246402422470176
0.000128176822337639
0.000196355782655853
0.000251716969818172
0.000288512203288708
0.000254779492987035
0.00022882801609542
0.000286013865029393
0.000339142307507
0.000321075101831052
0.000261398364031307
0.000241999508908624
0.000216907953037635
0.000172140139022912
0.000173684883128454
0.00018423617704172
0.000233617853520957
0.000281611833998567
0.000313309568518109
0.000336994395752319
0.00029092751311842
0.000197203588201584
0.000179437665079349
0.000197243703092704
0.000198849421302745
0.000217097337684816
0.00024403640663733
0.000270755583250279
0.000262670908294129
0.000239563395420867
0.000143575652125498
6.78240995150486E-05
8.52415937336859E-05
8.11198407586327E-05
7.36819366433609E-05
4.6802144926867E-05
0.000106338503154728
0.00013733537964483
0.000166492446707346
0.000116803214426357
9.043866768999E-05
5.75639736182584E-05
0.000113691929827432
0.000135424265230611
0.000128141105593738
0.00017679662572442
0.000166738957652887
0.000108156101209818
0.000126549667640543
0.000204510417616455
0.000230334992152995
0.000220301440268776
0.000240471892949946
0.000213264279695157
0.000164975454741916
0.000224237303512014
0.000305357295871726
0.000281397352142796
0.000220589745353934
0.000176599153687017
8.98059210837931E-05
1.92618558379351E-05
2.38743464775921E-05
3.63251704438746E-05
0.000118878376145956
0.000128480058081286
6.36543914942119E-05
5.44460946183439E-05
5.5641454607525E-05
8.98753665533324E-05
0.000117650030530087
0.000137051294251945
0.000145313080822877
0.000170196608923084
0.000235193612205279
0.00024806141335381
0.00019455000951323
0.000143129832062955
2.8580690641966E-05
0.00013321994090684
0.000191967042692928
0.000157300246557243
7.5447809350605E-05
2.32269760968212E-05
8.64431808674441E-05
0.000181852657893431
0.000216816474139258
0.000256893814173017
0.000243665819896976
0.000196825428017076
0.000210510036325759
0.000231427800783497
0.000235665572417927
0.000262636133479531
0.000276021140560751
0.000268299209639197
0.000248008832541322
0.000220865587264074
0.00017947320715385
0.000129162438587629
4.88979586889949E-05
7.72238170467711E-05
8.2902211193393E-05
7.3144092288776E-05
3.561011150388E-05
2.04036828361801E-05
3.20618284970813E-05
6.30642775349264E-05
9.64171689747437E-05
7.98759086801167E-05
9.27883356269378E-05
0.000106653442902732
5.70284641536189E-05
3.83269630833401E-05
9.74295091304647E-05
0.000185962625808895
0.000297114090139341
0.000254206624295201
0.000111152514412942
9.72680463349937E-05
0.0001381977157227
0.00014413895164671
0.000182975485225327
0.000215802807801597
0.000226238232123552
0.00028315093676415
0.000287849200759356
0.000229635590076826
0.000143477479514087
4.64838696413951E-05
3.30794114453875E-05
7.58896331070057E-05
9.77867546423496E-05
8.83972384239451E-05
9.34745641489019E-05
0.000140309482033146
0.000187226230535733
0.00028379654520835
0.000287637179413728
0.000238076852285326
0.000139907390731115
1.40714190247866E-05
7.32442076610827E-06
4.64893005889847E-05
9.81398454551185E-05
8.17431612364547E-05
0.000129544176985154
0.000154004415861169
0.000110231891887033
8.58078137931696E-05
5.614274511357E-05
0.000128378114762658
0.000194876936695974
0.000160942764314928
0.000106715764836883
0.000149342350587995
0.000153718683786241
0.000164641675070843
0.00021695455549029
0.000223068459619122
0.000241174225559557
0.000236406501235106
0.000181771508791644
0.000160894553529374
0.000155116817394377
9.98857597569527E-05
7.83256811014607E-06
6.8454158574316E-05
0.000128589841804093
0.000178827443230326
0.000222343025738151
0.000234516151234755
0.000178102725932026
8.7424088977966E-05
1.20941359026649E-05
8.2279434336516E-05
0.000104357369765925
6.01556274327043E-05
7.40373588522451E-05
0.000251725134818337
0.00035102228605759
0.000392470947012663
0.000401638724049624
0.000297266043056442
0.000145397301372814
7.64237960710838E-05
0.000107586052305641
0.000100750412166952
4.57406820932828E-05
4.19091175776508E-05
0.000122296362559144
0.000200479987491002
0.000260989675279039
0.000318671414289973
0.000366044418943463
0.00031134935274235
0.0001680847877173
4.52511936172271E-05
9.08398164306651E-05
0.000142056946149861
0.000106956799890922
5.54059811779093E-05
3.06383806229017E-05
5.92531126852471E-05
0.000106243230805669
0.000141080793846099
0.000170385080553522
0.00019987981364931
0.000182294579076867
0.000114136554532301
6.2932592562344E-05
4.87268456154109E-05
5.98809259942164E-05
6.58091889277026E-05
8.80459496388245E-05
0.000141884991317692
0.000145609584105309
0.000121064344493213
9.80037223159625E-05
7.32170040198091E-05
6.58789167115754E-05
7.08644545447377E-05
9.34117754232986E-05
9.62582499592641E-05
6.5229432162921E-05
0.000100394532794345
0.00013751136765288
0.000148786428203933
0.000110614114491088
4.2234451359193E-05
0.000100528741863813
0.000137635376531784
7.79736830624157E-05
5.75338513813393E-05
0.000145428688511441
0.000212234363627338
0.000230525972929133
0.000194240882819045
0.000230981961587905
0.000327165918801024
0.000337626679635591
0.000307909971866952
0.000312057369132437
0.000305206016324982
0.000264028081025315
0.000220901550966207
0.000170830514065707
0.000128608921830401
7.18475491419308E-05
3.60567682149213E-05
4.2792609611563E-05
5.90325718868814E-05
6.89478266607613E-05
8.29271872695661E-05
9.53412801578674E-05
9.89219222215471E-05
0.000151275775675738
0.000179580788448469
0.000142331399681206
0.00012518408956258
0.000122638272002143
7.50676118450787E-05
0.000107712489660693
0.000172779768867453
0.000184341016930446
0.00019274838931013
0.000200863458337258
0.000123988031877687
2.97059799125171E-05
9.41377336023429E-05
0.000190938405537782
0.000263329918464246
0.000231360553871323
0.000140081127185613
8.72735961583444E-05
0.000116725196165326
0.000150159659039807
0.000208390384621405
0.000217037444986463
0.000204922330009401
0.000171108308483934
0.000118496206052243
9.65004299002774E-05
0.000153696475056045
0.000214252283838722
0.000205889680596049
0.00019023070858181
0.00018245840126414
0.000177009060076467
0.000160597136297766
7.60803579661311E-05
3.97210890954249E-05
9.51462310334964E-05
0.000121526103090538
8.82305842395561E-05
7.95912584557921E-05
0.000129014594126938
0.000148661915311686
0.000142018271744824
0.000157570555623202
0.000165833944664569
0.000129178543922958
0.000116801961189954
9.59426508626507E-05
0.000103710285581808
0.000102099441538166
0.000132346314886174
0.000154268777134621
0.000152308628761514
0.000135286386165087
7.37940354912403E-05
3.25318877380421E-06
4.93291191845591E-05
7.00077467826455E-05
9.15297927062271E-05
0.00014395929162094
0.000199802303618741
0.000253714230506537
0.000269352954510134
0.000218966792183656
0.000134739997208089
7.52776510776007E-05
3.79269918970054E-05
7.82988134115317E-05
0.000129229571106105
0.000177541385200967
0.00021634593030479
0.000216290448908077
0.000180472789220297
0.000132148788731826
6.87465675642155E-05
3.3200227862123E-05
8.62398792514449E-05
0.000132950127450494
0.000132935857085451
0.0001149250483719
0.000132304972367461
0.000189153574180955
0.000198712351475776
0.000153615260252266
6.02017786496875E-05
5.08141919118741E-05
9.4423329868463E-05
8.70939308382066E-05
4.76099660490442E-05
0.000132280523422441
0.000211263751777994
0.000241191375093573
0.000206149816441875
0.000105711561203595
4.49724284238395E-05
6.63992126379847E-05
9.19517987327783E-05
0.000114613991174645
0.000150704558958886
0.000175567736404151
0.000176025684354907
0.000139406036344649
8.37119345243798E-05
7.26421172776353E-05
0.000101556086236284
0.000144336486363174
0.000178010396305051
0.000207404505234381
0.000214733983838466
0.000143778322647921
9.38517376182064E-05
0.000131397174683587
0.000162557957077866
0.000138378778816496
8.22073005063264E-05
4.17590176132474E-06
7.7903107313921E-05
0.000128628719006309
0.000166185512821247
0.000179534398377903
0.000156602134488229
9.28598797021021E-05
3.835689999739E-05
6.37791069903146E-05
8.76864193706596E-05
0.000105026880262466
0.000199667770506758
0.000244357859434305
0.000245663070872795
0.000190158827528555
0.000117998630769979
0.000124568704901673
0.000187635700773488
0.000194592941122299
0.000193722103648059
0.000194995578436274
9.81078567983493E-05
3.34024148414467E-05
9.46539046243188E-05
0.000151592638934443
0.000168497088314246
0.000197644058218321
0.000233836444065402
0.000209156528219904
0.000160052412451375
0.000111226371028823
7.68768481429741E-05
9.41073821717372E-05
9.8363424162762E-05
8.68580576872768E-05
6.96020342770442E-05
8.38482694105936E-05
8.93964540214771E-05
6.45536471503222E-05
5.03655021685094E-05
3.52022955634833E-05
7.13916900974548E-05
0.000131079736624269
0.000173821318260616
0.000168945852722361
0.000138766255144305
0.000106118097066001
0.000108946266501217
0.000105425836804924
3.23615062905547E-05
5.24215996995373E-05
8.24922441809077E-05
9.07515267304464E-05
0.000101323130245382
0.000141768997411019
0.000165530743053935
0.000150258799285944
0.000104175148567133
0.000134261915960594
0.000190361152699279
0.000220247355389975
0.000262251754523378
0.000272756414936503
0.000319501371148399
0.000314480798049944
0.000268382255614285
0.000208281787998389
0.000103049230750002
2.06730438039763E-05
0.000119589510664106
0.00015707986617189
0.00012395545575417
7.81933279428183E-05
8.50094607328986E-05
0.000131564034500101
0.000246350425962898
0.000338148107381854
0.000300055687312691
0.000240407707072965
0.000193764766925264
0.000126912356313961
8.54415751567739E-05
4.6872469353401E-05
0.000160518152961234
0.000292061686655084
0.000388980953503109
0.000393767063813301
0.000280894145834573
0.000140843063495393
0.000132353770536034
0.000206569930021399
0.000242756050465958
0.00040084663858591
0.000635509750928824
0.000700550409886774
0.000642217419624684
0.000504583293077253
0.000277660499835442
0.000139377826689977
0.000110789857974626
2.51504063402957E-05
9.38204445857807E-05
0.000142641323902683
0.000196394351438356
0.000212671837866329
0.000118530137100804
8.79853741555135E-05
0.000202703480039222
0.000329381221838949
0.00048925431015293
0.000669363590961926
0.000694431506726252
0.00057112144463349
0.000477372538140282
0.000345533750097728
0.000223072862544609
0.000184463362483742
0.000174913251819569
0.000197623319906175
0.000273881216965465
0.000312768538446543
0.000290881192799439
0.000212778409582727
0.000167715502813113
0.000236837796289133
0.000284721554516322
0.000333225202675547
0.000400529096414558
0.000484503588061668
0.000486364409164087
0.000449536447424751
0.00036997778701757
0.00020535737969478
0.000148652545227091
0.000220898925011758
0.000213388297897935
0.000205280188147198
0.000238510682711834
0.000169829900665582
0.000164285409422795
0.000203277299232306
0.000293798758006063
0.000412185096974046
0.000462557725995247
0.00044713288479675
0.000449893138849115
0.000425470028806027
0.000314097196899857
0.000236688623543954
0.000184353416571975
7.57293515111178E-05
8.34813340165177E-05
0.000119509168419369
0.000119586956953576
0.000182147346785258
0.000187390905715366
0.000140811759502275
0.000169784504397284
0.000204296466014616
0.000179573083592696
0.000175733856747393
0.000261109601204037
0.000566319378741879
0.00100166962239359
0.00112988857145705
0.00108069455833803
0.000928797187305805
0.000498560272311965
0.000123241898723439
2.24714114911705E-05
3.05699726673426E-05
0.000106205378671995
0.000178114528461232
0.000165203230645842
0.000109082625469615
7.86806208938227E-05
0.000100873075787912
0.000182394434840871
0.000268830669030139
0.00030270447782929
0.000491683176419637
0.000666502225352188
0.00058393482268489
0.000480031456930351
0.000293649690816491
7.83080430289417E-05
0.000298942107291729
0.000317845082290607
0.000220095334934493
6.97866414715439E-05
0.00013537263499128
0.000192964818806246
0.000168966198386121
4.06292152209616E-05
0.000176922009027388
0.000304261723262163
0.000367552680667678
0.000381729810402625
0.000344507443214057
0.000252750320861491
0.000153032055223633
9.61983337986487E-05
4.99854619392954E-05
0.00011928579607767
0.000253021693769923
0.000285455895180243
0.000247715264343337
0.000203163055129042
0.000176255282786597
0.0002842424785545
0.000314200436916242
0.000272229585142058
0.000187981068160168
7.43372591598533E-05
0.000101410259319098
0.00030186886232343
0.000484897739946725
0.000506399952397766
0.000471381575524623
0.000352934187932223
0.000104328088609525
0.000180684282887463
0.00030696034255032
0.000355930157818474
0.000342098446366186
0.000192323250602679
5.47531424164272E-05
7.82372515722213E-05
0.000227213391500457
0.000286390844731973
0.000327894518783198
0.000295130989038699
0.000221171762384954
0.000190328465632818
0.000128520101736659
0.000104798594595274
7.48819735341951E-05
8.48677935414353E-05
0.000140336700507884
0.00019562062140777
0.000246863962301406
0.000260229732759274
0.000175458129004283
4.10633879131896E-05
6.52641450927062E-05
0.000101094217492298
9.31094638809298E-05
0.000123385427015814
0.000156746927216454
0.000182948486020757
0.000212245014783246
0.000203917774669545
0.000231810661246219
0.00026053854414079
0.000247347809032515
0.000245845953173884
0.000323398590251878
0.000382235756606882
0.000325791610962238
0.000209250026076245
9.67449936512693E-05
5.50369190534258E-05
1.43035304193522E-05
6.13556079843566E-05
0.000111992428332247
0.000141793054688215
0.000142784602231481
0.000123731117318447
0.000150279283527519
0.000200551213573885
0.000267385175727719
0.000319556326573033
0.000367267734474839
0.000424170099923395
0.000437069306312999
0.000369745462762302
0.000318808845686396
0.000230850825132506
8.16062289694184E-05
7.38602184963563E-05
0.000103530563638794
6.85835160441298E-05
3.29693021918989E-05
8.40945770049634E-05
8.64963625448053E-05
7.01136889791902E-05
2.58155670170577E-05
7.26666366795469E-05
8.11120264644168E-05
0.000104239456814774
0.000134826265684069
0.000129165282165139
0.000167560352362215
0.000188322155287816
0.000153773537612585
0.000111777810407531
8.27695436083583E-05
9.08105422920089E-05
0.000108609755928459
0.000101848164787984
5.38837529148012E-05
6.51681878229184E-05
9.27089458135531E-05
8.89240507944823E-05
5.84142765131991E-05
5.31382770686235E-05
0.000110982783200443
0.000105716836810575
9.38880925553266E-05
0.000170162564664031
0.000210753880079125
0.000206558476118595
0.000137256597554795
8.8990972004163E-05
0.000103175594947476
0.000135486907095122
0.000162306610065598
0.00017086299568084
0.000177373322769134
0.000185030843560651
0.000223797430931762
0.000292147086195115
0.000267175769652447
0.000171039383068264
0.000131228633168691
0.000113726554782152
0.000117027965736953
0.000198013009739093
0.000222779700845027
0.000181773783833608
0.00013447831068237
0.000109062821227904
9.87102014524803E-05
8.71609527097588E-05
0.000107138544890398
0.00015949481265796
0.000172606518391944
0.000122534919267362
2.0944082720742E-05
9.22660277365551E-05
0.000135258746063505
0.000103679370858418
9.91926187599351E-05
0.00019202402363741
0.000234827041803712
0.000186514483321875
0.000143101134484087
0.000127591576753675
0.000101674255457132
9.51157010940538E-05
0.0001144326036139
0.0001218955163052
0.000194817858192295
0.000324710917583147
0.000336684938663511
0.000231826311673874
0.000104161566808872
6.22554028769367E-05
0.000167297214979115
0.000126449225784817
8.02376332855348E-05
0.000139545718331213
0.000155755271218753
0.000128657710859613
7.40217879034407E-05
1.2020091325701E-05
1.95757971106881E-05
5.96950403628508E-05
0.000119106358836342
0.000161767324179992
0.000149527000466478
8.57764230084837E-05
2.41814553041164E-05
6.3738716278583E-05
8.3666848983107E-05
0.000105949295402901
8.7723234442628E-05
7.36390523061754E-05
0.000131339388988246
0.000204247877296532
0.000256353841853264
0.000269322002137923
0.000272381054770804
0.000211314845751458
9.80216078900657E-05
1.87579625671416E-05
6.01958128452469E-05
2.50599662924803E-05
0.000143571527830222
0.000181336966662044
9.97993564187491E-05
0.000151394367536128
0.000280311457678196
0.000325846488194613
0.000267293820720015
0.000131751211808915
0.000114671712194995
0.00014268824394733
0.000144978725313369
0.000125232762398412
9.19495007752147E-05
5.80706292147974E-05
4.69402350626718E-05
4.34894846495527E-05
2.75926928007955E-05
6.6107561208753E-05
0.000140770723243656
0.000135326825554842
6.13361074938284E-05
0.000144118318570715
0.000264717392213145
0.0002974816028088
0.000232530045131793
0.000114172437669692
4.53966688048178E-05
6.2738677491811E-05
5.68566209780539E-05
1.10808731315033E-05
4.09186453427209E-05
0.000109568412677714
0.000155111763973126
0.000197848516749192
0.000268653513420732
0.000314327889780921
0.000288601112451038
0.000217671750443883
0.000128599706485056
2.51510982199796E-05
7.66745035412935E-05
0.00010741426209512
0.0001292035917101
0.000146920595388678
0.00018309678179285
0.000190942540751546
0.000156194443616746
0.000102851522213058
0.000111532854894314
0.000176666396398869
0.000148690905294423
5.09918728498304E-05
0.000122467912266658
0.000246570875388017
0.000246252841597036
0.000217769631879958
0.000113074358533828
9.59108649680216E-05
6.62468110493156E-05
5.5693119978146E-05
8.84552844306642E-05
7.05397507717774E-05
1.83578840190421E-05
7.26007415239349E-05
9.74665294324315E-05
9.6570551646851E-05
8.22459695490762E-05
8.48438229031144E-05
0.000111658629804051
0.000186500016713926
0.000223082432240812
0.000190165774403611
0.000165358966151287
0.000137451686983557
0.000123826159271713
0.000139932906287157
0.000144693846554198
0.000140709064695889
0.000135309653597816
0.000103622504463466
8.24802853305081E-05
6.39953468189156E-05
3.89743092872658E-05
5.74268496924098E-05
0.000148049372324978
0.000179802143225064
0.000189365950439224
0.000218898719391745
0.000202703905807363
0.000155121269816743
9.50666470204661E-05
8.4818167192726E-05
0.000116530092870555
0.000132957851097971
0.000126567588099553
0.000131858154318764
0.000143740743222383
0.000137012093333472
0.000118042718395962
9.59408490259277E-05
8.42295063634515E-05
6.01642471623315E-05
3.58821519450972E-05
2.53235766750375E-05
5.18750544642547E-05
0.000106723225581093
0.000125499620368354
9.53301170517257E-05
1.92922978467469E-05
9.91448101975114E-05
0.000151306739949681
0.000158806363479964
0.000120574802857479
8.70917021858241E-05
8.20683731323413E-05
7.79036608993217E-05
7.44180200878474E-05
4.93040630963168E-05
3.00370705214339E-05
3.75757161391384E-05
4.83245287286648E-05
9.02243410273929E-05
0.000143788759981155
0.000139548781394311
0.000116149640371862
0.000147939177584648
0.000141523921155579
0.000115643675193027
0.000145067562068619
0.000136263225125179
8.62700404206862E-05
6.59336710714324E-05
4.84137797864817E-05
4.86046066347945E-05
6.74338850486969E-05
6.47674623429354E-05
6.70584113185425E-05
7.4167488211411E-05
1.73220674056738E-05
5.99524942096161E-05
7.09596068203774E-05
7.65899533831151E-05
9.72297107869462E-05
0.000170352863918427
0.000205504160304376
0.000175442178901492
0.000100513149089678
1.98328280322336E-05
4.32598871807071E-05
8.31655094142528E-05
8.71529928150946E-05
9.60166368451301E-05
0.00011033630798426
9.15320054413269E-05
7.62440935892112E-05
3.3350848337325E-05
6.9679206030461E-05
0.000196323475594096
0.000262951588081692
0.000232736343131928
0.000203495414984392
0.000193893776014085
0.000242447849188576
0.000247483485613759
0.000192027943843625
0.000122728497928291
8.42620893243826E-05
0.000105985070183539
0.000110641437991008
0.000100476515760294
9.02988723892611E-05
8.75984533519861E-05
8.94766493708296E-05
9.25141140561623E-05
0.00010199435390149
9.96170585311724E-05
5.92775126905531E-05
5.86034150755619E-05
0.000101484324492841
0.000111186261273296
0.000123251715046186
0.000123852525419276
8.00141714582861E-05
5.08936986036375E-05
6.05125878391434E-05
5.85375413210657E-05
6.50457945930159E-05
6.33216186103422E-05
5.84164745176733E-05
6.84293841840237E-05
7.64037222444355E-05
0.000110816078352452
0.000177056967915254
0.000210157706651133
0.000190207781415065
0.000169027221569539
0.000135354446296775
0.000116494937057385
0.000121887138965727
8.14041483396216E-05
1.85939806851468E-05
9.78739088808499E-06
9.51048793314255E-06
1.54319115848217E-05
5.07922601865059E-05
5.63290009265316E-05
7.32363310665751E-05
9.09328064755901E-05
7.32410068635116E-05
0.000140818444074372
0.000237704661091361
0.000270478343671084
0.000257537734131625
0.000187237155650076
5.57520948416271E-05
8.07296849288431E-05
0.000105891096598008
8.8848397377691E-05
7.62007019564173E-05
7.307551040247E-05
7.75285306912173E-05
0.000102164199375779
0.00010319847824447
7.8222187789938E-05
8.50278539752478E-05
0.000107923954304814
0.000132287906862598
0.000167332951032025
0.000182733573780149
0.000191165694179938
0.000218891915321715
0.000212393564457651
0.00017084428628486
0.000166149848655971
0.000154790198876481
0.000116922383003591
9.98535013762036E-05
8.90231991047404E-05
7.97519432128E-05
7.9084561695049E-05
7.2780954444499E-05
5.90202124168197E-05
4.36284590132428E-05
5.22095937241699E-05
8.60543941448098E-05
9.1153644936262E-05
8.01397632616789E-05
6.53587858083369E-05
3.2476749093591E-05
2.29888439602193E-05
9.27669510182911E-06
2.33029494557187E-05
4.04615325071026E-05
7.36922071091825E-05
9.28699982763293E-05
9.13826634650858E-05
9.23405735701455E-05
7.68487213074744E-05
4.23823743302055E-05
5.60980078953939E-05
7.8206403719735E-05
0.000111760540550843
0.000167109614591246
0.000184716735785337
0.000160222321203535
0.000132908716747662
7.26507610597672E-05
7.02199205113888E-05
0.000106830189471502
0.000111583793653811
0.000104777553744485
0.000103886332813747
8.51411481691314E-05
5.96763955883048E-05
4.87117282404359E-05
3.49761369727223E-05
2.67025773936674E-05
1.18168613115811E-05
4.32462612315078E-05
5.70767471189669E-05
8.16567638852847E-05
0.000113600438801204
0.000141148570005553
0.000139071537560417
0.000111742022713103
8.20922744300383E-05
4.28681296426151E-05
2.04250799058337E-05
1.66977140726204E-05
1.7274780877733E-05
4.2968067960492E-05
7.87002889002117E-05
0.000111059299035502
0.000122417754454413
9.94007222381892E-05
6.49960880141453E-05
4.49175915323152E-05
3.56206721491331E-05
2.80661576923142E-05
3.27902151683383E-05
3.01118317306702E-05
2.06089005060986E-05
2.92128620765578E-05
3.35318954121683E-05
3.48500896525319E-05
4.68111723732835E-05
5.91707292700285E-05
4.85555708452385E-05
2.95303718394148E-05
2.40662659453846E-05
2.88216371465531E-05
4.05548362503692E-05
6.63447705335978E-05
7.90953263182187E-05
8.90673382051933E-05
8.83757477678423E-05
5.90343472415465E-05
2.36942265559596E-05
4.66225425789737E-05
5.54546519222882E-05
5.09598049232992E-05
3.97206368278584E-05
3.00894134299362E-05
2.78597894654552E-05
2.46057911997789E-05
3.51756356653047E-05
5.60270955271776E-05
8.38112755236913E-05
8.8897689669382E-05
6.55649726721833E-05
5.64689754693619E-05
6.14303449269961E-05
7.1665416397146E-05
6.67475379297853E-05
6.03216581323781E-05
5.77865948681981E-05
4.04815949497949E-05
1.80725250720178E-05
1.38534058168141E-05
3.4175533023894E-05
4.83962585895934E-05
3.88194964907867E-05
2.74318140773959E-05
4.66762173517492E-05
6.51867400815752E-05
7.96186264660524E-05
6.82401747237297E-05
3.92758524777527E-05
4.6539010665265E-05
7.60515472202313E-05
7.23705535392228E-05
5.89806733877146E-05
5.97732758694612E-05
7.79417269661712E-05
7.50881833238777E-05
5.97514872326043E-05
6.04261739936069E-05
6.34069111990269E-05
6.33312994094333E-05
4.76110618681435E-05
3.32443671387006E-05
5.20520616861946E-05
8.44024128410941E-05
8.82495247082041E-05
6.24031046476404E-05
2.90982792342097E-05
3.3216473362456E-05
7.13885453227089E-05
8.5470222432066E-05
7.89215436575244E-05
4.60924969440286E-05
9.24903796062523E-06
1.34516656749533E-05
9.82938962875274E-06
1.79583914901577E-05
3.67188520172055E-05
2.93982946034972E-05
1.48092399911515E-05
3.26820090752446E-05
4.72486710801032E-05
6.74069349291121E-05
9.40813240760041E-05
0.000106197528643279
0.0001136750656451
0.000123995114825269
0.000119068915506988
0.000101464891798476
8.35136775154795E-05
6.53206475108417E-05
5.28297081295264E-05
4.55212428850083E-05
2.5552646190325E-05
4.4929833394703E-05
6.84331320284284E-05
7.19292160143249E-05
6.94821344201858E-05
5.51250830339917E-05
4.21252644337058E-05
3.28497927721029E-05
4.15933315665425E-05
6.72258057559412E-05
7.91354923589285E-05
8.13699377239521E-05
7.37242485549815E-05
3.18644505113997E-05
1.15455270020951E-05
3.36572281606227E-05
5.27484473905844E-05
6.58140312393509E-05
7.39199045342832E-05
5.52226236546159E-05
1.57199415642946E-05
2.80846141368026E-05
6.94568139489231E-05
9.54230276156107E-05
9.87619936608749E-05
8.04914503064371E-05
5.98256416542741E-05
4.35615768209711E-05
2.36122530428986E-05
1.54872072554386E-05
9.79035113938946E-06
2.6374398677923E-05
4.74419577016727E-05
4.69764186826637E-05
5.39390529930446E-05
5.87365479649012E-05
5.27032231098986E-05
5.6103278352812E-05
6.24205234477165E-05
6.39826148242957E-05
4.95772040636227E-05
2.91117767387236E-05
2.30457024197375E-05
5.19329087708782E-05
6.18919823241937E-05
5.29285487852955E-05
6.8640645588796E-05
0.000108959684356224
0.000130102107932638
0.000118336652218837
9.42864851837556E-05
6.45294973947889E-05
4.17317018830567E-05
3.5135003327898E-05
3.23089223517672E-05
3.09002547341301E-05
4.30231984360648E-05
6.87285085835244E-05
9.90824023627004E-05
0.000115203177993873
0.000114990928239872
0.000101308266615646
8.61801278316658E-05
7.26441127825338E-05
6.84091916751046E-05
8.27677763464714E-05
8.47287153153698E-05
7.08334643675336E-05
4.06954620393953E-05
1.77148465139057E-05
2.76137792904641E-05
3.76565174725866E-05
5.03016591193786E-05
4.9878333068937E-05
6.92294838625365E-05
8.29147988611949E-05
7.81263955182562E-05
6.30006739612904E-05
4.22772563181419E-05
3.81553171173714E-05
4.53259612049153E-05
4.24502704695168E-05
4.84151573336744E-05
6.15610275796189E-05
6.49354458865335E-05
6.60992534168984E-05
6.03152455916805E-05
4.77431184807744E-05
4.81353939052302E-05
6.25070337168678E-05
8.77655088504779E-05
9.81016315113868E-05
8.93944495543489E-05
8.3402207675735E-05
8.43896458016452E-05
7.88075635797514E-05
6.28593875113007E-05
7.12023296477738E-05
8.51075688731275E-05
7.33586428611993E-05
3.42757588261043E-05
3.47208262726341E-06
2.77879797918783E-05
4.25927700757978E-05
4.28116716295221E-05
5.02968855685553E-05
5.69995074343627E-05
5.88064699262855E-05
5.48435662661846E-05
5.2270635793452E-05
3.90956194600269E-05
2.33144414331838E-05
1.86399720640838E-05
1.99891266741454E-05
2.51734534367692E-05
1.67222021078438E-05
1.80113451486931E-05
4.0496840098819E-05
5.36318989337239E-05
6.48636040398681E-05
5.61152755215978E-05
4.31340049135373E-05
3.64357210330924E-05
1.78906626428858E-05
2.14525460827821E-05
2.84594530075006E-05
3.84449887360491E-05
4.67508598242941E-05
4.74953436959723E-05
5.28589174384252E-05
6.06179785555896E-05
5.03764736673713E-05
4.01283167556615E-05
2.9108169935156E-05
1.88771464423362E-05
1.36768272125582E-05
1.30075310989471E-05
1.38725258877605E-05
1.83385989723105E-05
4.11102626508039E-05
5.37792511137316E-05
6.57462789627906E-05
7.46827957675002E-05
6.41382834620188E-05
5.09365209001478E-05
5.59466696416467E-05
5.86637881189355E-05
6.64164643783672E-05
6.89019915778536E-05
6.09021004240029E-05
6.02461482203119E-05
6.30225174742555E-05
6.56591869351513E-05
6.42230312785493E-05
5.38247981357733E-05
4.0079063959397E-05
2.58513844916034E-05
1.90603260236584E-05
1.85308143068438E-05
2.83694366152548E-05
4.4009769454802E-05
4.42352301407808E-05
3.49571810849915E-05
2.56301819123215E-05
2.46971232500355E-05
2.47916450129765E-05
3.18876202883036E-05
3.331991219342E-05
2.02486021931714E-05
8.74598182298682E-06
1.38634046331158E-05
2.04871142878285E-05
1.76562047684118E-05
9.62905690259457E-06
3.28012272330185E-05
6.23550279556258E-05
8.21117680922538E-05
9.78744213358619E-05
9.79344686022294E-05
8.64747991145391E-05
7.0842671813086E-05
5.88068034564988E-05
5.70302445712117E-05
5.95958125322184E-05
6.20698927232786E-05
5.72481303210455E-05
3.97015404624014E-05
2.21561150991153E-05
4.26775218409019E-06
8.75674761224979E-06
8.10141407903476E-06
2.21683392895592E-05
1.85790079171158E-05
2.13442613807334E-05
3.11367569349337E-05
4.73326308904415E-05
5.71883262765317E-05
6.05637259202117E-05
5.63395113724457E-05
4.96706159778532E-05
5.00873435392125E-05
5.79868010641652E-05
6.80713181097928E-05
6.667182191133E-05
4.56197916337982E-05
3.09623622670519E-05
3.1324179533444E-05
3.37442635614794E-05
2.10724826069442E-05
5.78820065167042E-06
2.90177859182519E-05
4.45161329468428E-05
5.23836089629122E-05
5.86159065618394E-05
6.00023700532185E-05
6.94297667833562E-05
6.95006146017923E-05
5.73987610203661E-05
4.1723720429147E-05
2.45402440777456E-05
1.31627151121196E-05
2.59704120989598E-05
3.86326256837566E-05
4.28685568735853E-05
2.8583582733506E-05
1.89324391636417E-05
3.43439834018037E-05
4.41556534897303E-05
6.2019184904992E-05
6.77327364575416E-05
5.45709956417142E-05
4.33147088992107E-05
2.40771641206668E-05
6.21209004211732E-06
1.19930433527749E-05
1.61886154659885E-05
3.00667500227165E-05
4.52132991139338E-05
4.89334410245516E-05
5.39711207745372E-05
5.91057539458419E-05
5.32131592179667E-05
4.75889499142056E-05
3.86681308531571E-05
2.11608980273082E-05
1.49625906858924E-05
2.80814388251963E-05
2.97212816494266E-05
3.42259440090031E-05
3.52558704921612E-05
2.67511239717035E-05
3.48528112072614E-05
4.23897983175051E-05
5.03045109833336E-05
6.29309671355404E-05
6.27706919786606E-05
4.05719157491077E-05
8.27531306720414E-06
2.08254835608703E-05
3.56082549575885E-05
3.27167984287754E-05
2.4550531280245E-05
2.49586445581719E-05
3.19272722396613E-05
3.88235427788972E-05
4.2509082601001E-05
3.80192137561944E-05
3.47551445901734E-05
2.71647545357635E-05
4.13645795525436E-05
6.14016852432902E-05
6.30081461472663E-05
5.47720518413682E-05
2.72383413210284E-05
1.32308905070785E-05
2.34766398293387E-05
2.88327539367491E-05
2.48878728666319E-05
1.48757606221804E-05
1.04230972340231E-05
1.12392789455344E-05
3.38142127407466E-05
5.8158085537558E-05
7.90710626617025E-05
8.9421298461668E-05
8.87156343579229E-05
7.85284755001412E-05
5.395517992246E-05
3.07943001230117E-05
3.2000843332703E-05
4.53955558547352E-05
4.56093553242004E-05
2.94372086787108E-05
9.40427059475557E-06
2.2366391422665E-05
3.04372237859687E-05
3.6017529922827E-05
4.20007934231976E-05
4.67225009900941E-05
4.11826001420828E-05
1.78167884757789E-05
1.06908771164942E-05
2.54468748492375E-05
2.90677885862392E-05
3.0288088598397E-05
4.92392674173489E-05
6.64615694195295E-05
7.09136294240171E-05
6.37538048149017E-05
6.95761127977515E-05
7.21174494017933E-05
4.63657636826532E-05
2.35824452506651E-05
1.0298813343449E-05
3.11876926562089E-05
4.50198059003059E-05
3.8994084011559E-05
3.17324664126928E-05
3.01171820802466E-05
1.89860637735225E-05
1.67406596164882E-05
1.81472509699484E-05
1.13553153632159E-05
2.01424373461493E-05
2.77168362687089E-05
3.48417948317621E-05
3.21363030079503E-05
2.62905696448761E-05
1.52949423047899E-05
2.63370869688431E-05
4.5494932753706E-05
6.69690492508573E-05
8.04374494706542E-05
8.07571247595932E-05
7.56987498454951E-05
6.47875610746403E-05
5.23927701106732E-05
4.51642198468844E-05
4.35180926554143E-05
4.35429924313665E-05
3.35428482912709E-05
1.11415426750304E-05
1.47290488054051E-05
3.42084763614039E-05
4.60220456289447E-05
5.43332705435891E-05
5.86338514552206E-05
5.53026308297952E-05
4.90308747365384E-05
4.82698830229152E-05
4.13062446701599E-05
2.81837439889001E-05
2.12379853182034E-05
9.4596457592206E-06
2.12149835133882E-05
2.26426825841025E-05
3.76675184665379E-05
5.90485228796387E-05
6.69791628091179E-05
5.68936048578946E-05
4.60988324586322E-05
3.20573141204768E-05
4.93606378575621E-05
5.85706917142322E-05
5.45294980960846E-05
4.92110405663235E-05
4.04796998783058E-05
2.94693943425845E-05
2.40533218396241E-05
2.7908452006004E-05
2.28328455178298E-05
3.72445843589469E-05
4.76004047095438E-05
5.02753130766822E-05
5.13221606978318E-05
4.44755385154897E-05
3.91878117757925E-05
3.59719462808735E-05
3.08453047746702E-05
1.65388566860731E-05
1.98641251143746E-05
3.1582512591455E-05
3.68375183456775E-05
5.17118199134029E-05
5.88258579436251E-05
6.12478102543539E-05
5.56880038444058E-05
4.33148542251002E-05
2.97598701473386E-05
1.76263020283785E-05
1.53376957374859E-05
2.39415641844004E-05
4.30323252898438E-05
5.24105840605821E-05
4.99975853487297E-05
4.01773794924062E-05
2.1173157526448E-05
1.00626520303045E-05
1.3262828671489E-05
2.07627216910918E-05
4.19252000937234E-05
5.54941306327042E-05
6.20119032355747E-05
6.49861481695218E-05
4.44372066637596E-05
2.70329001837158E-05
3.30508552044221E-05
4.12370842038483E-05
4.39422579538628E-05
3.61412338977686E-05
3.43950949564579E-05
4.26427642823696E-05
4.82047129818013E-05
5.91720953385614E-05
6.24654397972378E-05
4.56914729066324E-05
2.30674688481048E-05
1.50491205553491E-05
2.05963311734641E-05
1.96695988130746E-05
5.21944373073181E-06
1.38675178795783E-05
3.05088628770457E-05
4.3610306392214E-05
3.54639045518109E-05
2.44247305821751E-05
2.24423001605933E-05
1.81133161715216E-05
2.5336121525298E-05
2.66376868784063E-05
2.58574445843373E-05
2.85607082416594E-05
2.13983488716849E-05
1.10388938953735E-05
1.59198857144238E-05
1.99715049577535E-05
2.52363416974163E-05
2.57598908786784E-05
2.59221778557548E-05
2.71791245325212E-05
2.09727869981602E-05
7.46341572121024E-06
2.89646978522295E-05
3.84558419943511E-05
4.43167857239188E-05
3.74618622542861E-05
2.58477472410147E-05
1.99189983985023E-05
1.22481066244264E-05
4.47794042789968E-06
1.40091347543524E-05
1.15899471420017E-05
7.46232464992467E-06
6.69488915546509E-06
6.93281163492747E-06
9.30422590056968E-06
4.12106377410079E-06
7.74221843727548E-06
1.27987046129914E-05
1.96198282023787E-05
1.2865485838105E-05
9.32243928625359E-06
2.28288063255752E-05
3.9016861367958E-05
4.07641029010478E-05
3.51009829374387E-05
2.00561308835747E-05
8.72434644547607E-06
1.92153239336624E-05
4.01158968374808E-05
6.2397411794463E-05
8.41329806111082E-05
8.28367619749396E-05
6.98884160244895E-05
5.70588633212433E-05
3.82399362806949E-05
2.64840214319076E-05
2.65992069689292E-05
3.02054625936946E-05
3.78718772835871E-05
4.4808228762649E-05
3.99259671750529E-05
2.73066811749943E-05
4.74368717209888E-06
4.09511986215298E-05
5.64733386699452E-05
5.59124701409871E-05
4.84685800087046E-05
2.58040790620155E-05
1.78573684872485E-05
3.32719011329988E-05
4.8722697964724E-05
5.38021848527055E-05
5.46660147978327E-05
5.21909504972552E-05
3.85236079069686E-05
3.8328414320587E-05
3.01100971190155E-05
1.85311920015258E-05
5.87573271003179E-06
2.41530251029521E-05
3.1817522721818E-05
3.0377673022524E-05
3.46995730142693E-05
3.29774797640282E-05
2.1295183571857E-05
1.1122143354611E-05
4.25830282791542E-06
1.43958735866043E-05
3.76341055713786E-05
3.77540658673418E-05
2.87356241482463E-05
2.32333101708843E-05
3.11888155557472E-05
3.29496715365086E-05
2.22445477048066E-05
1.49295612499998E-05
1.60643769191711E-05
1.05833255291279E-05
1.73247896378216E-05
2.43627141848113E-05
2.35324311037182E-05
1.86371148342196E-05
6.56838595550504E-06
1.31477022047244E-05
2.02840157263496E-05
2.81087494803828E-05
3.28240858106538E-05
2.95541215883405E-05
1.70384325390936E-05
2.11630588645391E-06
6.09052872294603E-06
6.97127441870669E-06
1.37649263318304E-05
1.60540388436041E-05
1.5428878504162E-05
2.74711294229182E-05
4.58572000345614E-05
4.81286359254539E-05
4.52035550613095E-05
5.00408096103681E-05
6.15755392111134E-05
6.99644039393749E-05
6.97192510219277E-05
5.43387246429006E-05
4.28983001479294E-05
6.39996215064853E-05
8.55919636755941E-05
8.66311309023235E-05
7.56530551066681E-05
5.28224592021534E-05
3.15501624537893E-05
1.97773101231559E-05
2.27401198489409E-05
1.06126452966951E-05
1.67397429745132E-05
2.38465185619555E-05
3.00772329638874E-05
3.77754142603508E-05
3.88642377432685E-05
3.55232565972487E-05
2.36537518864143E-05
2.07245829274082E-05
3.70466277417343E-05
5.29160349607978E-05
5.44974444521116E-05
4.91715688169191E-05
3.84167831184511E-05
5.38726112158194E-06
2.59559247449792E-05
3.9971623071562E-05
4.99469765382577E-05
4.12003359765076E-05
2.33759542128008E-05
2.07815272913164E-05
2.61014099595814E-05
1.69693002376285E-05
8.2075063164454E-06
2.34890170739861E-05
2.82058893789918E-05
3.32739329661068E-05
3.71027861303427E-05
3.63672330693538E-05
2.90729267530729E-05
1.83591700341934E-05
1.10293859821558E-05
2.31301416879069E-05
3.91023491042326E-05
3.44165370638694E-05
2.09326972908327E-05
3.21321903667026E-05
4.5557541888656E-05
4.45279844373445E-05
2.69212466831641E-05
1.278020739145E-05
1.60497726838172E-05
1.04255631431289E-05
3.31105984101112E-06
2.28053533444468E-05
4.21431520267604E-05
4.79989739745606E-05
4.07757364688986E-05
3.05517874246867E-05
2.08040221785038E-05
1.80258384094475E-05
2.23923693623929E-05
2.70498494537523E-05
2.95980386865142E-05
3.36177805206282E-05
3.97664738991451E-05
3.91289214163927E-05
3.11890155911393E-05
1.56109275186171E-05
1.77471711068744E-05
3.82888102753732E-05
4.05244209798205E-05
3.39932459613512E-05
3.35814494290551E-05
3.06346979208496E-05
2.13149000798696E-05
1.46115031014267E-05
1.64373117526288E-05
2.01013986707839E-05
3.26543277178132E-05
4.22861557449856E-05
3.6983709901802E-05
3.89193860749264E-05
4.73464559794329E-05
5.19165503626182E-05
5.95175710126796E-05
5.82153848275092E-05
3.95977650038798E-05
2.43374455923129E-05
2.57996502869666E-05
2.85961568621496E-05
2.67099792080125E-05
2.92204957347544E-05
3.82942817505054E-05
4.43661699572402E-05
3.75907216094932E-05
2.11210114439862E-05
5.39601987295412E-06
2.59361551601865E-05
3.38658665171611E-05
3.31195456835493E-05
3.76117003547907E-05
3.29177046347289E-05
2.04696583273391E-05
1.49802821662231E-05
6.43152542190063E-06
1.05948331384066E-05
1.94482766616482E-05
2.17219732305314E-05
1.65359216746892E-05
1.5485078294573E-05
2.89967063514091E-05
4.01515865506893E-05
3.09517113659028E-05
1.55747498894784E-05
6.93067291983521E-06
3.02299252812745E-05
4.52212358331352E-05
4.91174701202732E-05
5.39277798050338E-05
5.15411996830649E-05
4.76938170451287E-05
4.882309949898E-05
3.71673390107375E-05
1.87352078221266E-05
8.15895182807965E-06
1.68334881328193E-05
1.80140308945312E-05
4.78862234930448E-06
2.05223597480494E-05
3.77248329309112E-05
3.98268334771889E-05
4.58318897071686E-05
5.06713685894754E-05
4.52466624099141E-05
3.90373262105838E-05
4.41105147178552E-05
4.62748247473693E-05
3.92570471125575E-05
3.57636684208082E-05
3.27513992945624E-05
2.3349705056781E-05
2.7518962212756E-05
3.97631615578988E-05
4.77865212330005E-05
5.39995126140043E-05
5.03363218152691E-05
4.73973862112066E-05
5.07393219002148E-05
4.1419572842602E-05
3.68572872218709E-05
4.10191321596181E-05
3.59266806506793E-05
3.09025060294623E-05
3.03200174008718E-05
2.32041080875099E-05
1.04158184254648E-05
1.54711011229057E-05
2.04723857703379E-05
2.58685651735946E-05
3.385603500442E-05
2.88603291727742E-05
1.28819334472992E-05
2.42628025043947E-05
4.54001835363438E-05
6.49859244208554E-05
7.16182389020457E-05
5.77501208263468E-05
3.73986510630661E-05
1.97840694611733E-05
1.02571647773384E-05
5.1986140276899E-06
5.26606970053776E-06
5.66436755139345E-06
4.84412849080131E-06
1.25302420125246E-05
1.88078824773658E-05
1.69314213920376E-05
1.66703020853022E-05
